1.00 & 0.78 & 0.96 & 0.86 & 0.99 & 0.92 & 0.93 & 0.96 & 0.83 & 0.95\\
0.78 & 1.00 & 0.97 & 0.81 & 0.77 & 0.89 & 0.89 & 0.94 & 0.82 & 0.92\\
0.96 & 0.97 & 1.00 & 0.95 & 0.96 & 0.96 & 0.96 & 0.98 & 0.94 & 0.97\\
0.86 & 0.81 & 0.95 & 1.00 & 0.86 & 0.92 & 0.92 & 0.96 & 0.87 & 0.94\\
0.99 & 0.77 & 0.96 & 0.86 & 1.00 & 0.92 & 0.92 & 0.96 & 0.83 & 0.95\\
0.92 & 0.89 & 0.96 & 0.92 & 0.92 & 1.00 & 1.00 & 0.99 & 0.94 & 0.97\\
0.93 & 0.89 & 0.96 & 0.92 & 0.92 & 1.00 & 1.00 & 0.99 & 0.94 & 0.98\\
0.96 & 0.94 & 0.98 & 0.96 & 0.96 & 0.99 & 0.99 & 1.00 & 0.97 & 0.99\\
0.83 & 0.82 & 0.94 & 0.87 & 0.83 & 0.94 & 0.94 & 0.97 & 1.00 & 0.97\\
0.95 & 0.92 & 0.97 & 0.94 & 0.95 & 0.97 & 0.98 & 0.99 & 0.97 & 1.00\\
