1.00 & 0.94 & 0.97 & 0.83 & 0.87 & 0.72 & 0.87 & 0.88 & 0.80 & 0.86 & 0.90\\
0.94 & 1.00 & 0.99 & 0.93 & 0.95 & 0.89 & 0.94 & 0.95 & 0.92 & 0.94 & 0.96\\
0.97 & 0.99 & 1.00 & 0.97 & 0.98 & 0.95 & 0.97 & 0.97 & 0.96 & 0.97 & 0.98\\
0.83 & 0.93 & 0.97 & 1.00 & 0.99 & 0.95 & 0.96 & 0.96 & 0.94 & 0.96 & 0.97\\
0.87 & 0.95 & 0.98 & 0.99 & 1.00 & 0.96 & 0.97 & 0.97 & 0.96 & 0.97 & 0.98\\
0.72 & 0.89 & 0.95 & 0.95 & 0.96 & 1.00 & 0.97 & 0.97 & 0.92 & 0.95 & 0.96\\
0.87 & 0.94 & 0.97 & 0.96 & 0.97 & 0.97 & 1.00 & 1.00 & 0.97 & 0.98 & 0.99\\
0.88 & 0.95 & 0.97 & 0.96 & 0.97 & 0.97 & 1.00 & 1.00 & 0.97 & 0.98 & 0.99\\
0.80 & 0.92 & 0.96 & 0.94 & 0.96 & 0.92 & 0.97 & 0.97 & 1.00 & 0.99 & 0.99\\
0.86 & 0.94 & 0.97 & 0.96 & 0.97 & 0.95 & 0.98 & 0.98 & 0.99 & 1.00 & 0.99\\
0.90 & 0.96 & 0.98 & 0.97 & 0.98 & 0.96 & 0.99 & 0.99 & 0.99 & 0.99 & 1.00\\
