1.00 & 0.95 & 0.82 & 0.90 & 0.90 & 0.90 & 0.89 & 0.91\\
0.95 & 1.00 & 0.94 & 0.96 & 0.96 & 0.96 & 0.96 & 0.96\\
0.82 & 0.94 & 1.00 & 0.96 & 0.96 & 0.96 & 0.95 & 0.96\\
0.90 & 0.96 & 0.96 & 1.00 & 1.00 & 1.00 & 0.98 & 0.98\\
0.90 & 0.96 & 0.96 & 1.00 & 1.00 & 1.00 & 0.98 & 0.98\\
0.90 & 0.96 & 0.96 & 1.00 & 1.00 & 1.00 & 0.98 & 0.98\\
0.89 & 0.96 & 0.95 & 0.98 & 0.98 & 0.98 & 1.00 & 1.00\\
0.91 & 0.96 & 0.96 & 0.98 & 0.98 & 0.98 & 1.00 & 1.00\\
